38 5.66237497329712 
40 5.98124599456787 
41.7711791992188 7  
43.987434387207 9  
44.9444541931152 11 
46 12.7259464263916 
47 14.7014074325562 
48.5019416809082 19 
50.1372604370117 23 
50.8189964294434 25 
51.3916625976563 27 
51.8358459472656 29 
53.818790435791 35  
54.3907089233398 37 
54.8360748291016 39 
55.3774909973145 41 
56 42.973072052002  
58 43.8508033752441 
59.3779373168945 42 
59.4837188720703 40 
59.1640434265137 38 
58.6092872619629 36 
58.1637306213379 34 
56.8836860656738 30 
56.5220184326172 28 
56.5160598754883 23 
56.3805694580078 21 
55.8435592651367 19 
55.181095123291 17  
54.6287841796875 15 
54.3810882568359 13 
53.8711471557617 11 
53.662483215332 9  
54.5836753845215 7  
57 5.78430795669556 
59 6.48802614212036 
61 7.86305379867554 
62.7449798583984 10 
65 13.9158477783203 
65.8191070556641 16 
66.3711624145508 18 
66.6186141967773 20 
67.2784118652344 22 
68.1054611206055 24 
68.8357925415039 28 
69.3729858398438 30 
69.4773178100586 32 
69.8357543945313 34 
70.3729858398438 36 
70.4773178100586 38 
70.8359909057617 40 
72.8188934326172 46 
73.9620590209961 50 
75 51.912712097168  
75.8419036865234 54 
76.7562866210938 56 
77.869758605957 58  
79.5696640014648 60 
81 61.430103302002  
82.9653015136719 63 
84.9660949707031 63 
86.7282104492188 61 
87.7222061157227 59 
88.4025039672852 57 
89.3810806274414 53 
89.6288299560547 51 
90.1642456054688 49 
90.5226821899414 47 
90.6275863647461 45 
91.2752685546875 43 
92.5346527099609 41 
94 39.2011604309082 
95.5741958618164 37 
98 35.274169921875  
100 34.6468963623047
102 34.9933586120605
104 36.9883270263672
104.33780670166 39  
102.636222839355 43 
102.589454650879 45 
102.746566772461 47 
102.472038269043 51 
102.014251708984 53 
101 54.9262504577637
100.480049133301 57 
100.477905273438 59 
100.125694274902 61 
99.6194152832031 63 
99.472038269043 65  
99.1256942749023 67 
98.6189193725586 69 
98.3711624145508 71 
97.8189163208008 73 
97.1361770629883 75 
96.260986328125 77  
95.2776107788086 79 
94.5016098022461 81 
93.8360214233398 83 
93.0142440795898 87 
92 88.89697265625  
91.1357650756836 91 
90.1703262329102 93 
88.2986145019531 95 
86.5733337402344 97 
85.8384857177734 99 
85.2682495117188 101
83 102.463432312012 
51 102.5
48 102.466133117676 
46 101.751609802246 
43 98.5332565307617 
41.253044128418 96  
39 92.0841522216797 
38.1808853149414 90 
37.6058578491211 88 
37.1639595031738 86 
36.0378723144531 82 
35 80.274055480957  
34 78.2986221313477 
33.158260345459 76  
32.2657165527344 74 
30.7223968505859 70 
29.7218494415283 68 
27.2532234191895 64 
26.1300773620605 62 
24.5347366333008 60 
23.2747611999512 58 
22.4799995422363 56 
21.4576435089111 54 
19 50.2826194763184 
16 46.0662117004395 
14.262544631958 42  
13.6551170349121 40 
14.5608625411987 38 
17 37.5215835571289 
19 37.9866981506348 
21 39.2141227722168 
22.7942371368408 41 
24.453296661377 43  
25.7411670684814 45 
27.8475704193115 49 
29.4246788024902 51 
30.8217849731445 53 
33.8091850280762 57 
35.4846687316895 59 
37 57.3503150939941 
35.6317977905273 55 
34.6743812561035 53 
33.4019432067871 51 
32 49.1870498657227 
31 47.2628631591797 
30.1599292755127 45 
28.2686538696289 41 
26.7168731689453 37 
25 33.1825485229492 
23.5638294219971 31 
21.2751770019531 27 
20.4956092834473 25 
19.9852981567383 23 
20.2029209136963 21 
21.1707172393799 19 
23 17.2075271606445 
25.000904083252 17  
27 18.4370059967041 
28.4616146087646 20 
29.725004196167 22  
31.2773628234863 26 
34.2799644470215 32 
36.8526878356934 36 
39.509105682373 40  
41.8503036499023 44 
43 45.744457244873  
45 46.5156898498535 
45 44.2705459594727 
43.5459632873535 40 
41.8850555419922 36 
41.1784744262695 34 
40.624870300293 32  
40.5 30
40.5346298217773 28 
40.1640129089355 26 
38.1808624267578 20 
36.1581687927246 14 
35.2654457092285 12 
34.6468963623047 10 
34.9933586120605 8  
36.9883270263672 6  
