245 171
224 201
248 220
274 213
279 159
257 136
225 134
194 182
208 253
192 244
183 168
199 136
241 119
281 127
298 172
292 233
375 209
410 168
413 174
383 215
203 288
148 217
150 103
278 21
378 25
436 180
405 234
215 342
107 269
24 80
64 20
98 20
96 91
66 100
50 84
73 49
66 79
85 84
84 37
55 44
38 80
47 112
81 118
114 87
114 10
55 1
0 52
96 330
313 366
453 257
467 157
391 9
275 1
142 69
104 149
116 244
213 325
388 223
421 173
407 131
340 46
265 46
263 80
318 98
314 118
307 112
312 102
302 100
298 114
306 126
321 125
332 85
296 73
317 88
275 74
280 55
362 91
320 150
327 194
348 200
387 171
383 148
360 151
359 167
376 154
370 173
343 184
335 160
363 135
392 134
408 157
365 205
316 221
303 143
274 97
205 114
175 159
170 222
196 263
262 239
223 243
210 174
226 142
266 153
272 188
236 203
